10 0.4928768699654776 0.658217213114754 0.022013808975834288 0.03646516393442614
10 0.7383774453394706 0.6422643442622951 0.021501726121979224 0.031905737704918134
9 0.8987341772151899 0.5 0.20253164556962025 1
0 0.7823878020713464 0.8205737704918032 0.1346892980437285 0.2224282786885245
0 0.7032220943613349 0.7870491803278689 0.10420598388952827 0.13396516393442623
0 0.6595051783659379 0.7675819672131147 0.05032220943613351 0.08237704918032797
9 0.661536248561565 0.6947131147540984 0.11132336018411969 0.15569672131147544
0 0.645523590333717 0.7503893442622951 0.0406674338319907 0.0751331967213114
0 0.5693728423475259 0.7481147540983606 0.038417721518987334 0.059364754098360714
1 0.5300402761795167 0.7321311475409835 0.031144994246260133 0.01726434426229499
0 0.5025028768699655 0.7644979508196721 0.05103567318757195 0.032909836065573655
1 0.49209436133486767 0.7357991803278688 0.031144994246260133 0.02019467213114758
0 0.5985615650172612 0.7483094262295082 0.030799769850402878 0.038125000000000034
0 0.4525143843498274 0.7736168032786884 0.019217491369390157 0.02127049180327868