1  0.3437993920972644  0.5578783783783784  0.3681155015197566  0.27252702702702725
1  0.18339412360688948  0.8143513513513514  0.04786220871327246  0.032297297297297356
1  0.2954609929078015  0.8267432432432432  0.019706180344478186  0.021027027027026968
1  0.5221073961499494  0.7681486486486486  0.06644376899696036  0.03605405405405415
0  0.22789260385005067  0.9024189189189189  0.07292806484295836  0.06986486486486487
0  0.31181357649442754  0.8967432432432434  0.082917933130699  0.06647297297297305
0  0.37563323201621074  0.8858648648648649  0.06242147922998975  0.05467567567567588
0  0.4042755825734549  0.8762432432432432  0.03586626139817639  0.04410810810810828
0  0.44736575481256324  0.8827567567567568  0.058693009118541195  0.05591891891891909
0  0.5891590678824721  0.9155405405405406  0.315096251266464  0.16891891891891897
0  0.8470415400202636  0.8675405405405405  0.11925025329280647  0.10872972972972972
0  0.7210334346504561  0.8777972972972974  0.06568389057750779  0.10810810810810811
7  0.4119655521783181  0.8277837837837837  0.03446808510638305  0.03168918918918928
7  0.45622087132725425  0.7889459459459461  0.01770010131712263  0.028581081081081372
7  0.48765957446808517  0.7827297297297298  0.016301925025329234  0.02609459459459451
7  0.55822695035461  0.7765270270270271  0.017700101317122408  0.028581081081081372
