7  0.14577868852459  0.6291666666666667  0.025317622950819685  0.060396174863388
10  0.16609631147540987  0.6309426229508197  0.031311475409836004  0.04086065573770492
1  0.9068954918032788  0.6300546448087432  0.02997950819672157  0.039084699453551974
1  0.907561475409836  0.5891939890710381  0.028647540983606556  0.04263661202185798
1  0.44756147540983615  0.6393852459016393  0.014651639344262168  0.025765027322404377
1  0.44756147540983604  0.6082923497267758  0.01865778688524583  0.03286885245901627
2  0.4648770491803279  0.6371584699453552  0.029313524590163842  0.07106557377049183
2  0.7616700819672131  0.5017076502732241  0.028647540983606334  0.06306010928961747
0  0.4652151639344263  0.8321311475409836  0.25382172131147557  0.32420765027322407
0  0.6107786885245902  0.7752868852459016  0.10925204918032794  0.1376775956284152
0  0.8026434426229508  0.7459699453551911  0.10392418032786899  0.07550546448087425
0  0.9402049180327869  0.733101092896175  0.07794057377049202  0.0532923497267761
4  0.9987397540983607  0.7395491803278689  0.002520491803278735  0.09889344262295097
