0  0.9517374517374517  0.8243243243243243  0.09652509652509655  0.3127413127413128
0  0.4752027027027027  0.7745173745173745  0.1734749034749033  0.176949806949807
0  0.2672490347490347  0.7306306306306307  0.1442084942084943  0.1337580437580438
0  0.6382239382239383  0.7543114543114544  0.1170463320463323  0.11146718146718138
9  0.36025096525096517  0.6797683397683397  0.10867760617760613  0.1435135135135135
2  0.4389382239382238  0.6352380952380953  0.009990347490347384  0.023204633204633174
1  0.44796332046332044  0.6367310167310167  0.010637065637065679  0.011595881595881541
2  0.4711583011583012  0.6365250965250966  0.009990347490347329  0.02491634491634498
1  0.4803474903474903  0.6356628056628058  0.010308880308880441  0.01030888030888033
2  0.5037065637065636  0.6371685971685972  0.009990347490347495  0.021055341055341126
1  0.5132046332046329  0.635881595881596  0.011602316602316587  0.011595881595881541
2  0.5330212355212356  0.6375933075933076  0.01127413127413135  0.021055341055341126
1  0.5428474903474904  0.6350193050193049  0.012239382239382257  0.012458172458172379
2  0.5654054054054054  0.6786229086229085  0.01095559845559857  0.022342342342342225
1  0.7010521235521233  0.6560746460746459  0.026418918918918788  0.029639639639639448
