0 0.11067708333333333 0.8307593307593307 0.21614583333333334 0.3196010296010295
5 0.3936614583333334 0.9347876447876449 0.37066145833333325 0.09867438867438877
0 0.48200000000000004 0.7628314028314028 0.05313541666666666 0.11522522522522519
0 0.4017604166666667 0.7527799227799228 0.05638541666666666 0.09779922779922781
0 0.5790520833333334 0.7487644787644787 0.05313541666666666 0.08707850707850719
1 0.7587864583333332 0.4781338481338481 0.04825520833333338 0.12191763191763194
10 0.5776510416666666 0.6513127413127414 0.008973958333333342 0.02575289575289574
10 0.57721875 0.6262676962676963 0.010999999999999944 0.024324324324324294
9 0.45823958333333337 0.7006692406692406 0.022000000000000006 0.07010296010296013
1 0.511875 0.6816344916344916 0.007171874999999991 0.017155727155727062
0 0.18446875000000001 0.7289317889317889 0.06922395833333332 0.12149292149292161