1  0.7996979166666665  0.5929861111111112  0.06921874999999988  0.07141666666666657
10  0.6155729166666667  0.6941805555555555  0.02128124999999992  0.027708333333333446
4  0.6383854166666665  0.7677777777777777  0.0317291666666667  0.11226388888888883
1  0.5775520833333335  0.7130555555555556  0.01896874999999998  0.017569444444444526
0  0.5127708333333334  0.7589166666666667  0.0372916666666665  0.04329166666666684
0  0.45925  0.7617083333333332  0.03568749999999998  0.041999999999999926
0  0.3936770833333333  0.7614722222222222  0.0389166666666666  0.037250000000000005
0  0.2475729166666666  0.786125  0.10801041666666675  0.07940277777777782
4  0.01041927083333336  0.7664305555555556  0.02083854166666672  0.08852777777777776
1  0.06591666666666669  0.6899166666666667  0.019531249999999993  0.030888888888888855
