5  0.992415750915751  0.8225  0.01516849816849819  0.04428710937499991
3  0.7551794871794871  0.75615234375  0.030542124542124682  0.0721386718749999
8  0.7294578754578755  0.639013671875  0.024109890109889842  0.03213867187500008
1  0.7293333333333333  0.686572265625  0.021355311355311546  0.02798828125000008
1  0.7291575091575091  0.664130859375  0.0217216117216118  0.014960937499999938
1  0.821824175824176  0.6494140625  0.06877655677655692  0.04631835937500006
1  0.9606373626373625  0.650380859375  0.03221245421245411  0.04246093750000002
0  0.5906959706959707  0.77873046875  0.08723809523809523  0.06659179687500005
0  0.4701611721611721  0.78982421875  0.09158241758241747  0.09939453124999997
0  0.5445494505494506  0.7642578125  0.041267399267399196  0.04728515625000007
10  0.5518901098901098  0.692001953125  0.01275457875457886  0.02173828124999999
8  0.5516776556776557  0.71025390625  0.014424908424908511  0.01587890624999999
