0 0.09548437500000001 0.8302499999999999 0.19097395833333333 0.3395
0 0.419703125 0.8009259259259259 0.2786458333333333 0.3950648148148148
5 0.5266666666666667 0.8401574074074074 0.7454895833333333 0.15975
7 0.7755052083333334 0.6633796296296297 0.017755208333333335 0.07137037037037038
7 0.990359375 0.6145185185185185 0.019276041666666667 0.12842592592592592
7 0.6083854166666666 0.3740925925925926 0.042421875000000005 0.11499074074074074
7 0.4477291666666667 0.36774074074074076 0.04116145833333333 0.11125925925925925
7 0.2982083333333333 0.36998148148148147 0.03695833333333333 0.10677777777777778
7 0.17703645833333334 0.38566666666666666 0.034859375000000005 0.10826851851851853
1 0.14679166666666665 0.38528703703703704 0.035703124999999995 0.05824074074074074
1 0.25830729166666666 0.3740925925925926 0.04704166666666666 0.06272222222222222
1 0.40216145833333333 0.3666203703703704 0.04661979166666667 0.06421296296296296
1 0.5449635416666666 0.36886111111111114 0.04830208333333333 0.05824074074074074
1 0.6191718749999999 0.664611111111111 0.013015625 0.0347037037037037
1 0.9010833333333333 0.5526574074074074 0.039828125 0.08653703703703704
0 0.8415104166666667 0.8485092592592592 0.31697395833333336 0.3029814814814815