0 0.04340104166666667 0.7469166666666667 0.08680729166666666 0.13271296296296298
0 0.462671875 0.7507685185185186 0.08333333333333333 0.10956481481481481
0 0.681640625 0.76925 0.12355729166666667 0.1316111111111111
0 0.5103854166666667 0.7094722222222223 0.01146875 0.019462962962962963
0 0.41915104166666667 0.7103981481481482 0.014598958333333334 0.021314814814814814
0 0.38213541666666667 0.7168888888888889 0.017723958333333335 0.021314814814814814
0 0.35528645833333333 0.7168888888888889 0.025546875 0.0342962962962963
9 0.2567552083333334 0.7131851851851851 0.07455208333333332 0.10287962962962963
9 0.5374947916666667 0.697425925925926 0.050046875000000005 0.09546296296296296
9 0.47896875 0.6793703703703704 0.027604166666666666 0.03882407407407407
9 0.5094583333333333 0.6888888888888889 0.016890625 0.032962962962962965
1 0.5712604166666666 0.6936481481481481 0.016890625 0.029296296296296296
1 0.616375 0.6541018518518518 0.06757291666666668 0.0966851851851852