0 0.10053763440860215 0.8377659574468085 0.2010752688172043 0.32180851063829785
0 0.2902311827956989 0.7992021276595744 0.14068279569892478 0.19946808510638298
0 0.3556451612903226 0.7593085106382979 0.0654139784946237 0.14184840425531925
0 0.39059139784946234 0.7449069148936169 0.04390860215053767 0.10860372340425542
0 0.5124569892473119 0.7449069148936169 0.03494623655913978 0.07313829787234043
0 0.9709677419354839 0.8523936170212766 0.05806451612903226 0.2526595744680851
0 0.8798387096774194 0.814720744680851 0.1890698924731183 0.23049202127659565
0 0.7682795698924731 0.7914494680851063 0.15770430107526878 0.1573537234042552
0 0.714010752688172 0.7814893617021276 0.11488172043010744 0.14747340425531927
0 0.6545698924731183 0.7657579787234042 0.08616129032258077 0.12679521276595732
0 0.5996720430107527 0.7626063829787234 0.03672043010752698 0.10970744680851063
4 0.5429569892473118 0.7392287234042553 0.0156344086021505 0.08812499999999998
1 0.5793118279569892 0.6542553191489362 0.017811827956989306 0.01708776595744684
1 0.5789516129032257 0.6281781914893617 0.014903225806451505 0.03686170212765961
1 0.579494623655914 0.5922074468085107 0.006543010752688211 0.03327127659574466
6 0.5798602150537634 0.5548803191489361 0.017451612903225826 0.03956117021276596