1  0.9837877671333823  0.4729862475442044  0.03242446573323521  0.33693516699410614
0  0.4667133382461312  0.7824165029469548  0.11053795136330125  0.1162377210216109
0  0.7264775239498894  0.7693222003929274  0.16089167280766392  0.1653536345776031
0  0.028002947678703018  0.7283889980353635  0.056005895357406035  0.24066797642436155
0  0.37939572586588066  0.7457956777996071  0.02607221812822408  0.028280943025540295
0  0.5976565954310981  0.7518565815324165  0.055173176123802126  0.06465618860510802
0  0.5682461311717023  0.7466011787819253  0.021827560795873113  0.0347544204322201
9  0.550972733971997  0.7276129666011788  0.026072218128224134  0.045255402750491114
0  0.554915254237288  0.7397347740667974  0.013338246131171516  0.02263261296660113
9  0.4130434782608696  0.7251866404715128  0.041223286661753955  0.04364440078585463
