7 0.03327803203661327 0.5590631364562119 0.03528032036613273 0.15614052953156815
10 0.012871853546910755 0.5763747454175153 0.02574370709382151 0.11405295315682282
10 0.7259725400457666 0.6719246435845214 0.04004576659038902 0.07976578411405288
7 0.7069050343249428 0.6260997963340122 0.034324942791762014 0.08994908350305492
7 0.4761613272311213 0.20519348268839105 0.05530320366132727 0.16123217922606928
0 0.1834496567505721 0.7627291242362525 0.10106979405034322 0.08825865580448072
0 0.41647597254004576 0.8564154786150713 0.38443935926773454 0.28716904276985744
0 0.27927345537757436 0.824674134419552 0.17066933638443932 0.2494908350305499
0 0.666378718535469 0.8441955193482689 0.24122997711670485 0.23082484725050925
9 0.9110411899313501 0.754582484725051 0.17791762013729978 0.4908350305498982
6 0.5391361556064074 0.6559368635437882 0.017700228832951977 0.04583503054989816
4 0.7815389016018307 0.7712321792260692 0.02132151029748283 0.0859368635437883
4 0.7926029748283753 0.770519348268839 0.012871853546910755 0.08450101832993892
4 0.8030606407322655 0.7769653767820774 0.020114416475972455 0.08307535641547854
4 0.593649885583524 0.7612118126272912 0.014885583524027449 0.05442973523421593
1 0.053987414187643024 0.7931364562118126 0.06462814645308926 0.04212830957230131
1 0.09721967963386728 0.7769348268839105 0.014565217391304336 0.07776985743380845