1  0.19463003663003658  0.5390625  0.0488424908424909  0.07161132812499993
1  0.3167252747252748  0.600908203125  0.036630036630036666  0.04557617187500007
1  0.7062271062271063  0.664384765625  0.019538461538461727  0.01953125
0  0.8842490842490842  0.83544921875  0.23150183150183146  0.3291015625
1  0.7746007326007325  0.648115234375  0.031743589743589706  0.04231445312499993
1  0.9947490842490841  0.607421875  0.010501831501831704  0.06184570312499993
0  0.3937728937728938  0.84765625  0.39926739926739924  0.3046875
0  0.1744835164835164  0.701826171875  0.13797069597069583  0.08463867187500007
2  0.16349450549450548  0.45849609375  0.028080586080586112  0.06999023437499996
7  0.5407838827838827  0.412919921875  0.037853479853479866  0.07975585937499996
7  0.9485934065934065  0.576494140625  0.04761904761904767  0.11067382812499993
10  0.3203882783882784  0.55126953125  0.04151648351648363  0.05045898437500007
10  0.7068351648351647  0.63427734375  0.020754578754578756  0.03092773437500007
5  0.6824175824175824  0.87109375  0.20146520146520142  0.11067382812499993
5  0.006593406593406593  0.75048828125  0.013186813186813187  0.0458984375
