0  0.036312849162011177  0.840316573556797  0.07262569832402235  0.319366852886406
0  0.10498079608938542  0.763193668528864  0.20996159217877083  0.2048417132216015
0  0.4539106145251397  0.8482309124767226  0.33519553072625685  0.3035381750465549
0  0.2827025139664805  0.7492271880819367  0.12220670391061453  0.09310986964618251
1  0.21112430167597768  0.6545623836126631  0.013966480446927415  0.021722532588454357
10  0.8535824022346368  0.6025791433891994  0.05120810055865921  0.06673184357541906
1  0.8547486033519556  0.5389478584729981  0.05354050279329614  0.06362197392923641
10  0.21287011173184361  0.6212011173184357  0.0244413407821229  0.03258845437616387
10  0.693645251396648  0.6591247672253259  0.01865921787709468  0.025353817504655485
1  0.6880865921787709  0.6856797020484171  0.01758379888268158  0.020093109869646075
7  0.550286312849162  0.6127188081936685  0.014713687150838095  0.03013966480446917
7  0.46703910614525135  0.6076908752327748  0.015432960893854653  0.03445065176908757
7  0.5797136871508382  0.6775512104283055  0.013275139664804425  0.030623836126629556
