5  0.09760891590678822  0.7566621621621621  0.19521783181357644  0.036797297297297415
5  0.7068996960486325  0.7697027027027028  0.2999696048632221  0.06741891891891905
0  0.4430091185410334  0.8219864864864864  0.31079027355623107  0.30682432432432427
0  0.7248429584599798  0.7779189189189188  0.22024316109422504  0.18605405405405417
0  0.6134954407294833  0.7055675675675674  0.09217831813576494  0.05875675675675662
0  0.9268642350557245  0.7675945945945946  0.14627152988855108  0.18713513513513513
1  0.9940906788247215  0.590108108108108  0.011818642350557185  0.05779729729729732
1  0.9940932117527862  0.4710540540540541  0.011813576494427602  0.05702702702702711
1  0.623839918946302  0.48509459459459464  0.044680851063829796  0.04932432432432432
1  0.5496251266464032  0.4830405405405406  0.047254305977710076  0.04247297297297287
1  0.4646200607902735  0.49058108108108106  0.04468085106382985  0.0452162162162163
1  0.3182776089159068  0.6122972972972973  0.03599797365754809  0.04743243243243245
1  0.3182776089159066  0.5030810810810811  0.04390070921985806  0.0597297297297299
7  0.5831509625126646  0.45168918918918927  0.04403242147923003  0.08204054054054055
6  0.3150861195542047  0.5602972972972973  0.05032421479229998  0.058729729729729785
6  0.9918642350557245  0.5346891891891892  0.01627152988855085  0.06114864864864866
7  0.9334650455927052  0.5763108108108108  0.02099290780141827  0.06336486486486481
4  0.879341438703141  0.6922027027027027  0.046281661600810375  0.10524324324324341
0  0.12331306990881463  0.7098918918918918  0.05676798378926036  0.05463513513513507
6  0.14655521783181355  0.6675540540540541  0.012016210739614896  0.01522972972972969
