9  0.18461538461538463  0.5234375  0.36923076923076925  0.953125
4  0.5298388278388277  0.815224609375  0.3637655677655676  0.07586914062500005
0  0.5141684981684982  0.81796875  0.2482857142857144  0.296875
0  0.8203589743589745  0.803525390625  0.25684981684981667  0.22767578124999988
0  0.9725274725274724  0.84423828125  0.05494505494505508  0.3115234375
7  0.9992289377289377  0.611640625  0.0015421245421245455  0.10601562499999995
7  0.7771355311355312  0.459130859375  0.029333333333333544  0.08429687499999994
7  0.6384761904761904  0.45984375  0.041721611721611485  0.09124023437500006
7  0.509076923076923  0.460712890625  0.04106959706959701  0.08602539062499992
7  0.3718461538461539  0.46114257812500004  0.035201465201465165  0.08863281249999999
1  0.7381172161172161  0.68109375  0.015010989010988851  0.01953125
1  0.703904761904762  0.657744140625  0.014476190476190642  0.01905273437499999
1  0.7036336996336997  0.67609375  0.013934065934066098  0.018105468749999964
1  0.42427838827838826  0.675732421875  0.01643223443223457  0.023125000000000062
