7  0.28761938202247195  0.3273595505617978  0.037921348314606695  0.09496254681647937
7  0.730695224719101  0.4839887640449438  0.04532303370786517  0.1516947565543071
4  0.3380337078651686  0.7590168539325842  0.07955056179775277  0.21336142322097396
4  0.4906530898876405  0.755936329588015  0.07030196629213481  0.18499999999999994
4  0.543377808988764  0.7238670411985018  0.13134831460674157  0.18006554307116096
1  0.11464887640449437  0.6054681647940074  0.03607443820224719  0.04440074906367053
1  0.6964676966292134  0.5980711610486893  0.0416221910112361  0.04440074906367053
1  0.9770400280898877  0.598689138576779  0.045919943820224685  0.05549625468164787
1  0.8079283707865168  0.4759737827715356  0.06290028089887645  0.08880149812734073
10  0.11312499999999998  0.5586423220973784  0.03478932584269662  0.048492509363295855
10  0.6942837078651687  0.552312734082397  0.0442766853932588  0.05060861423220964
0  0.05656249999999998  0.7162546816479403  0.11312499999999996  0.07063670411985024
0  0.6479705056179776  0.7082209737827715  0.1362289325842695  0.08165730337078658
0  0.8807443820224721  0.7002996254681648  0.09311095505618006  0.0558239700374531
5  0.3144908707865169  0.8554962546816479  0.6289817415730338  0.14356741573033704
