0  0.19154861111111118  0.7708333333333334  0.18634027777777779  0.1342592592592593
0  0.12731249999999997  0.7430555555555556  0.13194444444444442  0.10648148148148151
0  0.36515972222222226  0.7314814814814814  0.06365972222222227  0.07407407407407407
0  0.4890069444444444  0.7245370370370372  0.04513888888888895  0.05092592592592593
0  0.26504861111111105  0.7245370370370371  0.06944444444444434  0.07252777777777775
0  0.3188680555555554  0.7245370370370372  0.049770833333333375  0.057101851851851904
0  0.4236111111111111  0.7199074074074074  0.04166666666666663  0.044749999999999956
0  0.45486111111111116  0.7121944444444444  0.023145833333333365  0.03240740740740744
0  0.5405069444444444  0.7145092592592592  0.02314583333333331  0.024694444444444463
0  0.5659722222222221  0.7222222222222223  0.02314583333333331  0.02777777777777779
