2 0.7391510416666667 0.16280555555555556 0.06683854166666667 0.1712962962962963
2 0.9379322916666666 0.2276203703703704 0.04600520833333333 0.16203703703703703
7 0.4878489583333333 0.14043518518518516 0.0625 0.17592592592592593
1 0.5538177083333333 0.2237685185185185 0.08680729166666666 0.1111111111111111
1 0.7899322916666667 0.25849074074074074 0.064234375 0.09722222222222222
1 0.9678802083333333 0.3132685185185185 0.045140625000000004 0.09259259259259259
5 0.034515625 0.7970555555555556 0.06903125 0.027546296296296298
4 0.06513020833333333 0.7432407407407408 0.021708333333333333 0.07719444444444445
1 0.14572916666666666 0.6977129629629629 0.01736979166666667 0.046953703703703706
1 0.49069270833333334 0.6628333333333334 0.014786458333333334 0.030212962962962966
1 0.5012864583333333 0.6920648148148147 0.01699479166666667 0.03138888888888889
8 0.6450104166666667 0.6836296296296297 0.012697916666666666 0.020638888888888887
1 0.8652708333333333 0.706925925925926 0.017145833333333336 0.04778703703703704
0 0.9725677083333333 0.7441018518518518 0.054859375 0.053370370370370374
0 0.9501822916666666 0.7412592592592592 0.06619270833333334 0.056435185185185185
0 0.7754739583333333 0.7530740740740741 0.0898125 0.08792592592592592
0 0.6689322916666666 0.735787037037037 0.047984374999999996 0.05774074074074074
0 0.547125 0.7274814814814814 0.03715625 0.04899074074074074
0 0.5826822916666666 0.7189537037037037 0.020177083333333335 0.034555555555555555
5 0.399484375 0.7346574074074074 0.14089583333333333 0.02075
0 0.44218229166666667 0.7189537037037037 0.022145833333333333 0.031055555555555555
0 0.391984375 0.7147962962962963 0.03297395833333334 0.053370370370370374
0 0.370328125 0.7102037037037037 0.02558854166666667 0.04418518518518518
0 0.258984375 0.7421388888888889 0.09571875 0.1097962962962963
0 0.313734375 0.7274814814814814 0.035432291666666664 0.05074074074074074
0 0.20767708333333335 0.7467314814814815 0.06742187499999999 0.08661111111111111
3 0.4229010416666667 0.7169814814814816 0.011760416666666666 0.05062962962962963
4 0.48430208333333336 0.7141944444444445 0.012802083333333332 0.05156481481481481
5 0.6057604166666667 0.7413796296296297 0.18766666666666668 0.02323148148148148