0  0.03297379032258065  0.7347043010752689  0.0659475806451613  0.06530913978494612
0  0.09325604838709685  0.7277956989247312  0.05839717741935496  0.06404569892473133
0  0.4680544354838708  0.7389247311827958  0.06402217741935473  0.07345430107526896
0  0.5946068548387096  0.7359408602150537  0.06996975806451611  0.07345430107526896
2  0.3370362903225807  0.630241935483871  0.03126008064516128  0.06848118279569904
2  0.47289314516129033  0.48482526881720434  0.024566532258064377  0.06352150537634405
2  0.5748790322580646  0.48731182795698924  0.027540322580644983  0.06252688172043014
2  0.6936088709677418  0.495255376344086  0.025312500000000293  0.0565725806451613
1  0.35711693548387097  0.6803629032258065  0.02402217741935475  0.020725806451613038
1  0.37160282258064514  0.7008467741935482  0.014838709677419404  0.021196236559139714
1  0.37990927419354836  0.6886021505376345  0.012368951612903245  0.017432795698924752
1  0.5843145161290323  0.6770564516129033  0.02402217741935453  0.015080645161290374
