0  0.01130872483221477  0.7834691848906561  0.02261744966442954  0.11100397614314128
5  0.5  0.901093439363817  1.0  0.13220675944333993
0  0.734772557792692  0.8315109343936382  0.19388516032811343  0.1706461232604375
0  0.46507829977628634  0.7743538767395626  0.07208799403430288  0.06958250497017893
7  0.2724310216256525  0.41401590457256454  0.04225950782997767  0.1010636182902584
2  0.46507829977628634  0.4073856858846918  0.05219985085756906  0.1010636182902584
2  0.6583370618941089  0.4123558648111331  0.05344519015659965  0.10106361829025845
2  0.8410365398956002  0.42395626242544726  0.043497390007457115  0.1010636182902584
1  0.8938627889634602  0.4405268389662028  0.054683072334078986  0.05136182902584491
1  0.7136465324384788  0.42313121272365806  0.05219985085756895  0.05964214711729621
1  0.5222445935868755  0.4140159045725646  0.059656972408650144  0.06792246520874756
1  0.3252572706935123  0.4165009940357853  0.0609023117076809  0.05964214711729621
