0  0.6803108808290157  0.7702624309392264  0.30569948186528484  0.3729281767955801
0  0.940481865284974  0.732085635359116  0.11903626943005197  0.07476519337016585
0  0.3985492227979276  0.7350690607734808  0.15706735751295337  0.07776243093922641
0  0.0113523316062176  0.7268508287292819  0.0227046632124352  0.06729281767955808
1  0.8587150259067358  0.5749861878453038  0.04177202072538855  0.052085635359116034
1  0.8230051813471501  0.6064226519337017  0.03907772020725386  0.046698895027624254
1  0.9196994818652852  0.6320165745856354  0.015492227979274409  0.029640883977900656
10  0.8236787564766838  0.5547790055248618  0.037730569948186465  0.03861878453038681
6  0.49082901554404146  0.6333701657458564  0.02156476683937819  0.032334254143646546
5  0.4631709844559587  0.8099723756906076  0.15047668393782382  0.03784530386740348
