0 0.7034895833333333 0.7572407407407408 0.09132291666666667 0.09639814814814815
0 0.4775989583333333 0.730824074074074 0.04032291666666667 0.06097222222222222
0 0.35988020833333334 0.7365925925925926 0.03476041666666666 0.039546296296296295
0 0.286421875 0.7324722222222223 0.05190625 0.05932407407407407
9 0.350375 0.7098148148148148 0.05746875 0.061796296296296294
9 0.55740625 0.7096851851851852 0.03461979166666666 0.06422222222222222
9 0.39378124999999997 0.7094259259259259 0.027697916666666666 0.047629629629629626
0 0.413046875 0.7246759259259259 0.020473958333333334 0.02783333333333333
0 0.44225 0.7206574074074074 0.014453125 0.02087037037037037
0 0.45278645833333336 0.7198611111111112 0.008427083333333333 0.014981481481481481
0 0.5181197916666667 0.7214629629629629 0.011442708333333333 0.01712962962962963
0 0.5351250000000001 0.7187870370370371 0.008130208333333333 0.016055555555555556
0 0.49366145833333336 0.7186481481481481 0.011901041666666667 0.015268518518518516
0 0.5036302083333334 0.7167592592592593 0.006432291666666667 0.011935185185185186