1 0.7904745370370371 0.8132716049382716 0.02255208333333322 0.07462962962962959
1 0.3370949074074074 0.6614300411522633 0.030202546296296328 0.055452674897119435
9 0.6891261574074073 0.7253292181069959 0.17472800925925916 0.11086419753086418
1 0.6696643518518519 0.7150925925925926 0.014560185185185101 0.03013374485596704
1 0.7012789351851851 0.7249382716049383 0.011296296296296285 0.0243312757201647
6 0.7010648148148149 0.6996399176954732 0.013472222222222338 0.024722222222222194
0 0.5474421296296297 0.7792181069958848 0.05345486111111105 0.06875514403292174
0 0.5863368055555556 0.7741872427983539 0.04780092592592587 0.0641255144032921
0 0.16547453703703704 0.7990843621399177 0.09115162037037036 0.09103909465020577
0 0.2440798611111111 0.7895267489711933 0.035335648148148116 0.05189300411522639
0 0.43766782407407406 0.7616872427983539 0.05118055555555559 0.021738683127572128
0 0.3701388888888889 0.769022633744856 0.03440393518518521 0.018199588477366312
0 0.4905555555555555 0.7584053497942387 0.05572916666666664 0.018199588477366312
9 0.08209490740740742 0.773312757201646 0.06454861111111113 0.05307613168724271