0  0.40899202320522127  0.8583172147001934  0.4713560551124004  0.2833655705996132
1  0.008643944887599701  0.5952417794970987  0.017287889775199402  0.043539651837524174
1  0.13474256707759247  0.6367601547388781  0.017519941986947035  0.029738878143133474
1  0.1988905003625816  0.676953578336557  0.015924583031182077  0.023791102514506668
1  0.25545322697606965  0.6906286266924565  0.020384336475706977  0.024216634429400363
1  0.3611312545322698  0.5878336557059962  0.025163161711385273  0.025493230174081116
1  0.4191515591007977  0.5883268858800774  0.02802755620014513  0.024216634429400363
1  0.4863161711385062  0.5922920696324951  0.025163161711385162  0.025493230174081116
1  0.5476794778825236  0.5971179883945841  0.02261783901377823  0.025493230174081116
1  0.5951849166062364  0.6773887814313346  0.018158085569253135  0.025067698259187643
10  0.5969833212472805  0.6557350096711798  0.020768672951414047  0.026363636363636367
10  0.25663524292965917  0.6655125725338491  0.02244379985496739  0.027253384912959477
2  0.33712110224800584  0.5911025145067699  0.017476432197244318  0.044487427466150864
2  0.3972516316171138  0.5881044487427467  0.018266860043509858  0.04625725338491293
2  0.46091370558375633  0.5894487427466151  0.018005801305293667  0.04484526112185672
2  0.5272081218274113  0.5934719535783365  0.01959390862944166  0.04343326885880083
0  0.19762146482958662  0.8095841392649903  0.14994198694706312  0.14299806576402307
0  0.08919506889050036  0.8597678916827853  0.1783901377810007  0.28046421663442933
