0  0.47893681043129405  0.8342245989304813  0.4964894684052158  0.3315508021390374
0  0.8388966900702108  0.7585294117647059  0.25233701103309925  0.12502673796791441
0  0.7298996990972919  0.726831550802139  0.23252758274824503  0.13911764705882346
0  0.24041123370110334  0.7374064171122995  0.13872617853560668  0.09332887700534753
0  0.024094784353059156  0.7197860962566844  0.04818956870611831  0.08628342245989296
7  0.12085255767301907  0.4750133689839572  0.06342026078234705  0.20955882352941174
7  0.6539418254764291  0.22232620320855617  0.06738214643931784  0.14439839572192514
1  0.5892076228686058  0.6762967914438502  0.01792377131394185  0.01954545454545442
6  0.5900200601805415  0.6570187165775402  0.02280842527582716  0.026604278074866317
1  0.3077331995987963  0.6554010695187166  0.01466399197592766  0.020093582887700467
1  0.3924674022066198  0.6706016042780749  0.02037111334002001  0.022259358288770015
1  0.6704714142427284  0.6676069518716577  0.023219658976931123  0.02280748663101595
8  0.3230090270812437  0.6768449197860962  0.019147442326980846  0.023890374331550723
8  0.589618856569709  0.6317780748663102  0.021183550651955763  0.02715240641711225
10  0.9939919759277833  0.6399197860962567  0.012016048144433356  0.04343582887700537
1  0.9939719157472418  0.6788235294117647  0.012056168505516496  0.0388235294117647
1  0.9973194583751254  0.6551737967914439  0.0053610832497492655  0.012941176470588123
