0  0.16873575129533683  0.7592265193370165  0.2713160621761657  0.3001795580110497
0  0.4841450777202073  0.7184392265193371  0.04289119170984462  0.04725138121546979
0  0.5456373056994817  0.7204834254143646  0.04770984455958538  0.05600828729281759
0  0.5095233160621762  0.7085220994475139  0.035015544041450575  0.046091160220994354
0  0.44846632124352326  0.7143646408839779  0.04070466321243521  0.04142265193370165
9  0.5988082901554403  0.700939226519337  0.07353367875647676  0.07991712707182308
5  0.3866943005181348  0.8452486187845304  0.7604870466321247  0.09250000000000003
2  0.5629948186528497  0.2886325966850829  0.07529533678756484  0.12302486187845293
2  0.9813704663212435  0.47732044198895035  0.037259067357513054  0.15990331491712706
1  0.92339896373057  0.4498204419889502  0.06143005181347172  0.10234806629834253
5  0.0017461139896372787  0.8437292817679558  0.0034922279792745574  0.09095303867403304
