1  0.21363899613899617  0.5079407979407979  0.04826254826254828  0.07722007722007723
0  0.49597490347490325  0.8168211068211068  0.3619691119691117  0.34749034749034746
1  0.3423455598455598  0.5883783783783784  0.04826254826254828  0.05362934362934357
0  0.792789575289575  0.6945559845559847  0.09008687258687231  0.0643500643500643
1  0.8120945945945944  0.6366409266409268  0.03539575289575314  0.038610038610038644
0  0.9551158301158302  0.8329086229086229  0.08976833976833953  0.3110296010296011
3  0.896554054054054  0.7771299871299872  0.13352316602316594  0.2338095238095239
5  0.7533783783783783  0.8125225225225226  0.24613899613899626  0.11583011583011582
10  0.34555984555984554  0.5379665379665379  0.04182432432432426  0.051480051480051525
10  0.8120945945945943  0.596949806949807  0.032171814671814625  0.036460746460746485
7  0.6447876447876448  0.33741312741312746  0.05147683397683378  0.09652509652509661
7  0.2482335907335907  0.4929214929214929  0.03378378378378377  0.12011583011583021
