0 0.13238020833333333 0.8364166666666667 0.2647552083333333 0.3117314814814815
0 0.4973958333333333 0.8140462962962962 0.3402760416666667 0.3719166666666667
0 0.8940989583333334 0.7955277777777777 0.21180729166666667 0.4089537037037037
9 0.61328125 0.6859537037037038 0.12239583333333333 0.18981481481481483
0 0.353734375 0.7461388888888889 0.07378645833333333 0.10339814814814816
0 0.3038177083333334 0.7391944444444445 0.06770833333333333 0.07099074074074074
6 0.171296875 0.6694166666666667 0.010338541666666668 0.03737962962962963
7 0.44976041666666666 0.3836296296296296 0.05072395833333333 0.11497222222222223
2 0.5886197916666667 0.38963888888888887 0.035932291666666664 0.11497222222222223
1 0.51971875 0.3855092592592593 0.046921875 0.06012037037037038
1 0.625609375 0.3877685185185185 0.042270833333333334 0.06012037037037038
1 0.28052604166666667 0.704287037037037 0.03858854166666667 0.016694444444444446