0  0.05979105928085518  0.7508937823834196  0.11958211856171036  0.11779792746113982
0  0.17640427599611266  0.729857512953368  0.06102040816326515  0.05329015544041471
0  0.25636540330417884  0.729857512953368  0.07154518950437319  0.05610103626942997
0  0.36690962099125357  0.717720207253886  0.025189504373177962  0.026735751295336896
0  0.3462099125364432  0.7180051813471502  0.02134110787172011  0.026178756476683995
0  0.4635957240038874  0.7325129533678758  0.04951409135082613  0.04836787564766831
9  0.5250631681243927  0.7043523316062175  0.03500485908649176  0.05803108808290158
9  0.3869679300291546  0.7006476683937822  0.03286686103012626  0.04380829015544019
9  0.41749271137026245  0.7040673575129532  0.017930029154518967  0.030155440414507795
0  0.5024392614188533  0.7128886010362695  0.01366375121477148  0.015932642487046733
