6  0.767513888888889  0.471212962962963  0.09893750000000012  0.13318518518518524
1  0.7670416666666666  0.3538888888888888  0.09798611111111111  0.1217685185185185
1  0.7694166666666666  0.5599999999999999  0.08181249999999995  0.05961111111111106
0  0.45976388888888886  0.8153865740740741  0.3854444444444445  0.3692268518518518
1  0.5939097222222222  0.6262314814814816  0.01618055555555542  0.02241666666666664
1  0.5434722222222221  0.6346851851851854  0.01745138888888864  0.02157407407407408
1  0.4638472222222222  0.5877407407407407  0.02569444444444452  0.020722222222222197
1  0.41054861111111124  0.5936574074074075  0.02315972222222229  0.019879629629629636
10  0.4305347222222222  0.5756851851851852  0.019986111111111093  0.024537037037037024
10  0.5422013888888889  0.6154444444444443  0.02125694444444437  0.024537037037037024
8  0.5935972222222223  0.6655648148148148  0.011736111111111058  0.014805555555555516
0  0.2930763888888889  0.724324074074074  0.07238888888888889  0.07027777777777777
4  0.07584027777777774  0.7175555555555556  0.01334027777777777  0.04877777777777781
4  0.08745833333333336  0.7155462962962963  0.01592361111111111  0.05049999999999999
4  0.2180069444444444  0.7192407407407407  0.016326388888888876  0.04988888888888887
4  0.23297222222222227  0.7258148148148147  0.012243055555555549  0.03400925925925924
4  0.24079861111111112  0.7183333333333333  0.009520833333333367  0.05169444444444449
4  0.24709027777777778  0.7235462962962963  0.010541666666666616  0.05940740740740735
