4  0.7093958333333334  0.7490277777777778  0.04384027777777788  0.13170370370370366
4  0.5873611111111112  0.7310648148148149  0.024263888888888863  0.06994444444444448
4  0.5639861111111111  0.735111111111111  0.021055555555555494  0.07708333333333339
4  0.5441805555555556  0.7272592592592593  0.01855555555555566  0.06708333333333338
4  0.5297291666666666  0.7263055555555555  0.0139166666666668  0.06042592592592588
5  0.4358402777777779  0.7523888888888889  0.17214583333333328  0.028574074074074085
4  0.4485416666666666  0.7286851851851852  0.019270833333333293  0.05566666666666664
0  0.06154166666666667  0.7179814814814813  0.05174305555555554  0.04472222222222222
4  0.06046527777777777  0.7194074074074075  0.010347222222222202  0.04282407407407407
0  0.01729687499999998  0.7220277777777777  0.03459374999999996  0.03949074074074077
1  0.31004166666666666  0.6457037037037037  0.018055555555555547  0.03184259259259259
1  0.5805694444444445  0.6511388888888889  0.012812500000000004  0.022518518518518493
1  0.5814444444444444  0.6286203703703703  0.015722222222222304  0.02562962962962967
1  0.35084027777777776  0.3309537037037037  0.050715277777777845  0.06
1  0.5322638888888889  0.27428703703703705  0.05785416666666665  0.06857407407407407
1  0.21440972222222227  0.3981018518518518  0.034999999999999976  0.04380555555555554
7  0.18583333333333335  0.4185740740740741  0.030715277777777772  0.08286111111111111
7  0.302625  0.36  0.038569444444444434  0.10475925925925927
7  0.4794097222222222  0.2928611111111111  0.04499999999999993  0.12095370370370367
6  0.021138888888888888  0.6366203703703703  0.020222222222222225  0.03082407407407406
