4  0.0023462115528882204  0.7312699999999999  0.004692423105776441  0.07996999999999999
4  0.0790847711927982  0.729  0.033653413353338345  0.08193000000000006
4  0.1590772693173293  0.72087  0.02975243810952735  0.08518000000000003
5  0.10331582895723931  0.75728  0.20663165791447863  0.02405999999999997
10  0.30658664666166546  0.6224700000000001  0.03214553638409601  0.042220000000000035
10  0.7512378094523631  0.6300399999999999  0.029782445611402752  0.046009999999999995
1  0.6803225806451612  0.6237299999999999  0.04113278319579894  0.0573499999999999
1  0.5127156789197299  0.54149  0.03593398349587407  0.0378099999999999
1  0.4061065266316579  0.53708  0.033570892723180756  0.0378099999999999
1  0.33660165041260315  0.64359  0.04207801950487622  0.05042000000000013
0  0.416729182295574  0.8355  0.3038259564891222  0.32899999999999996
10  0.5133833458364591  0.65971  0.013818454613653497  0.02088000000000012
0  0.5517779444861215  0.69139  0.06446361590397598  0.040099999999999913
8  0.5437884471117778  0.6656499999999999  0.012588147036759145  0.01800999999999997
1  0.9788297074268568  0.58514  0.015798949737434342  0.03204999999999991
0  0.271357839459865  0.7004600000000001  0.13967741935483882  0.06396999999999997
0  0.6291372843210803  0.7515399999999999  0.13465866466616672  0.14322000000000001
0  0.7602175543885971  0.7959400000000001  0.24926481620405094  0.22629
0  0.42571642910727675  0.6679900000000001  0.11890472618154535  0.03151000000000004
