0  0.26468220338983045  0.7391713747645952  0.09622175141242936  0.10044256120527317
0  0.33737288135593224  0.7261581920903954  0.05121468926553663  0.05121468926553685
0  0.3698305084745762  0.7158568738229756  0.031348870056497335  0.0470998116760829
0  0.4011723163841807  0.7135028248587572  0.03134887005649728  0.03532015065913374
0  0.4263418079096045  0.7087947269303202  0.027817796610169532  0.031789077212805994
0  0.4437853107344633  0.7090866290018831  0.020310734463276914  0.027664783427495343
0  0.46166666666666667  0.7058474576271188  0.016334745762711933  0.02119585687382297
1  0.6583615819209039  0.6387382297551789  0.03532485875706204  0.04238229755178902
4  0.6645409604519774  0.7467608286252354  0.054745762711864265  0.18661958568738235
4  0.7084745762711864  0.7444067796610169  0.03841101694915239  0.1677777777777778
4  0.7316525423728812  0.7405838041431263  0.03532485875706215  0.16954802259887003
