7 0.3990274599542334 0.054480651731160894 0.05434782608695652 0.10896130346232179
1 0.02106407322654462 0.6430549898167006 0.013049199084668194 0.031395112016293206
1 0.04232837528604119 0.659613034623218 0.018363844393592673 0.024083503054989908
1 0.10007437070938216 0.6531670061099796 0.015463386727688771 0.03182281059063136
6 0.10104118993135011 0.6073625254582484 0.019330663615560652 0.033116089613034604
6 0.04220823798627003 0.63510183299389 0.015223112128146461 0.024083503054989908
5 0.8023455377574371 0.8630346232179226 0.39530892448512583 0.1415478615071283
0 0.016304347826086956 0.7418533604887984 0.03260869565217391 0.10488798370672098
0 0.26121853546910756 0.7542871690427699 0.19263729977116706 0.14212830957230135
0 0.6091075514874142 0.7606822810590631 0.16940503432494272 0.13535641547861516
0 0.8657494279176201 0.7881262729124237 0.24502288329519462 0.1526578411405296