10  0.007659521435692897  0.44926861702127663  0.015319042871385795  0.17164893617021287
1  0.013235294117647036  0.29257978723404254  0.026470588235294072  0.13823138297872345
1  0.41909272183449653  0.616688829787234  0.02167497507477567  0.026941489361702153
1  0.41958125623130615  0.5848271276595745  0.05320039880358929  0.047313829787234085
1  0.5062811565304086  0.6088164893617022  0.021674975074775726  0.02299202127659572
1  0.5397806580259221  0.6101196808510637  0.019700897308075782  0.02299202127659572
1  0.6193419740777668  0.6160372340425532  0.01921236291126638  0.024308510638297864
1  0.7057926221335993  0.6801063829787235  0.036450648055832424  0.04993351063829787
1  0.6296809571286142  0.5956648936170214  0.043838484546360745  0.021688829787233965
1  0.6259920239282153  0.5772739361702128  0.02167497507477545  0.012486702127659566
1  0.524506480558325  0.585811170212766  0.06207377866400787  0.026941489361702153
0  0.4678065802592224  0.7802925531914893  0.10608175473579268  0.12606382978723396
0  0.3761814556331007  0.7555186170212764  0.07636091724825517  0.07542553191489365
0  0.40692921236291124  0.7411968085106383  0.04044865403788628  0.044587765957446734
0  0.5551046859421735  0.7618484042553189  0.06521435692921207  0.06606382978723413
0  0.6289930209371887  0.7577127659574467  0.03797607178464646  0.044587765957446734
