5  0.4468674698795181  0.7442627599243856  0.2557902197023388  0.027986767485822184
4  0.5334868887313964  0.7198865784499054  0.024883061658398264  0.06705103969754256
4  0.543982990786676  0.7182892249527411  0.019695251594613716  0.057258979206049054
0  0.9216867469879518  0.8478260869565217  0.15662650602409633  0.30434782608695654
4  0.9093621545003543  0.7231758034026465  0.0270517363571936  0.08375236294896027
0  0.4626931254429483  0.7409357277882798  0.10345145287030488  0.1187051039697542
0  0.5857193479801559  0.7365879017013232  0.06710134656272138  0.07644612476370516
0  0.6418710134656274  0.7626937618147448  0.12908575478384132  0.1274007561436672
1  0.9293267186392629  0.5499621928166352  0.059914953933380644  0.07837429111531202
1  0.6427639971651311  0.653969754253308  0.020836286321757602  0.025888468809073806
1  0.6536995038979445  0.6332797731568998  0.019688164422395515  0.012306238185255225
1  0.309355067328136  0.6548771266540643  0.014415308291991502  0.022646502835538818
1  0.2534443656980865  0.6478260869565216  0.014096385542168743  0.01879962192816642
1  0.4099645641389085  0.5416351606805293  0.02787384833451445  0.029480151228733487
1  0.49134656272147414  0.5394990548204158  0.026591070163004826  0.0303402646502835
1  0.5789794472005669  0.538648393194707  0.027554925584691747  0.024357277882797734
7  0.38449326718639265  0.5439886578449905  0.02178596739900779  0.04956521739130437
7  0.4674769666902906  0.538648393194707  0.020503189227498275  0.05085066162570884
7  0.5504606661941885  0.5377882797731568  0.02498936924167272  0.05427221172022689
