5  0.6074034749034748  0.7863577863577862  0.5486293436293439  0.08917631917631896
5  0.032258687258687246  0.7842728442728443  0.06451737451737449  0.06270270270270273
1  0.25900579150579145  0.5533333333333335  0.08621621621621614  0.11131274131274127
1  0.42028957528957533  0.4066924066924067  0.0595559845559846  0.07199485199485212
1  0.6038899613899613  0.4057271557271558  0.06025096525096518  0.06024453024453025
1  0.967007722007722  0.5249678249678249  0.0659845559845561  0.09622908622908627
3  0.8963610038610041  0.6755984555984557  0.06401544401544423  0.10962676962676965
0  0.7617374517374518  0.7161776061776062  0.11234555984555972  0.14561132561132561
0  0.45546332046332044  0.7379407979407978  0.1462355212355212  0.1723809523809523
8  0.5940830115830117  0.6472586872586872  0.01481660231660209  0.02061776061776055
1  0.4150289575289575  0.6444658944658943  0.016293436293436492  0.01943371943371941
1  0.33078185328185333  0.6593307593307594  0.02444015444015435  0.028584298584298673
2  0.4703281853281852  0.362998712998713  0.05612934362934374  0.11662805662805664
2  0.6624131274131274  0.3761261261261261  0.05832046332046348  0.10400257400257396
