4 0.027791666666666666 0.7364259259259259 0.013317708333333334 0.05763888888888889
4 0.035604166666666666 0.7336018518518518 0.009265625 0.06432407407407408
5 0.06079166666666667 0.7734814814814815 0.12157812500000001 0.028814814814814817
5 0.21030729166666667 0.7760555555555555 0.158921875 0.029851851851851855
0 0.47525520833333335 0.844462962962963 0.22771875000000003 0.3110833333333334
5 0.5759166666666666 0.7945833333333333 0.040239583333333336 0.05558333333333333
0 0.6433229166666667 0.7725185185185186 0.11799479166666667 0.15171296296296297
0 0.8444739583333334 0.8208796296296296 0.31105208333333334 0.3582407407407407
6 0.875796875 0.5653981481481481 0.029765625 0.06105555555555555
6 0.38109375 0.5891759259259258 0.03123958333333333 0.04884259259259259
6 0.08325 0.6785 0.006114583333333334 0.023472222222222224
6 0.257046875 0.6905 0.011333333333333334 0.01750925925925926
4 0.05497916666666667 0.73575 0.010119791666666666 0.05156481481481481
4 0.04342708333333333 0.73575 0.008265625 0.053370370370370374
4 0.16578125000000002 0.7232314814814815 0.007494791666666667 0.037925925925925925
4 0.08051562500000001 0.7360462962962963 0.012828125 0.05125925925925926
4 0.06292708333333333 0.7311759259259258 0.008505208333333332 0.05227777777777778
1 0.38142708333333336 0.6409907407407407 0.028734375 0.04819444444444444
1 0.37934375000000004 0.5341203703703704 0.029661458333333335 0.04820370370370371
1 0.48485416666666664 0.5193981481481482 0.030692708333333332 0.03637962962962963
1 0.5429739583333333 0.5171296296296296 0.033817708333333335 0.03890740740740741
1 0.5988177083333334 0.5146018518518518 0.030125000000000002 0.03687962962962963
2 0.57096875 0.48352777777777783 0.02728125 0.07881481481481482
1 0.8736302083333333 0.5035833333333334 0.028593749999999998 0.05287037037037037
2 0.8238802083333333 0.6025462962962963 0.01982291666666667 0.05964814814814815
1 0.8753489583333334 0.6154166666666666 0.030500000000000003 0.05150925925925926
1 0.8799218750000001 0.4575 0.017536458333333334 0.03388888888888889
1 0.8909791666666667 0.5320555555555556 0.0266875 0.02575925925925926