0  0.08482625482625482  0.7638530927835052  0.16965250965250964  0.12560567010309287
0  0.25239382239382246  0.7401675257731958  0.09126447876447863  0.06886597938144323
0  0.30695945945945946  0.7305670103092783  0.0426544401544402  0.054961340206185705
0  0.3483687258687258  0.7265850515463919  0.040173745173745  0.04304123711340213
0  0.37540540540540546  0.7202963917525775  0.0267857142857143  0.03840206185566997
0  0.395  0.7143427835051548  0.022316602316602208  0.030463917525773487
0  0.4103764478764479  0.7146649484536083  0.01338803088803081  0.027152061855669984
0  0.42500965250965245  0.7110309278350515  0.013889961389961458  0.02118556701030938
0  0.4835328185328186  0.70375  0.04761583011583004  0.08740979381443292
1  0.4369111969111969  0.7189690721649484  0.008928571428571397  0.018543814432989802
1  0.4364092664092664  0.694471649484536  0.012895752895752843  0.018543814432989802
