0  0.06450223713646534  0.8104671968190855  0.12900447427293069  0.10603379721669992
0  0.4502833706189412  0.8146123260437376  0.12801640566741251  0.1308846918489066
0  0.9451901565995526  0.8692842942345924  0.10961968680089473  0.26143141153081517
9  0.5841983594332588  0.7440258449304173  0.08957494407158828  0.11367793240556645
9  0.28296793437733037  0.7411630218687872  0.0944817300521999  0.0948608349900597
9  0.4694780014914244  0.7252087475149105  0.05521252796420578  0.06788270377733596
1  0.6271439224459358  0.6969980119284294  0.07116331096196848  0.07850894632206762
0  0.3236912751677853  0.7728031809145128  0.03563758389261734  0.04035785288270366
0  0.35530201342281875  0.7664214711729622  0.0252945563012677  0.02452286282306171
0  0.3843400447427293  0.7634691848906561  0.02795674869500364  0.026570576540755453
0  0.5374645786726324  0.763817097415507  0.024071588366890384  0.02795228628230606
0  0.5286651752423566  0.7600198807157058  0.02252050708426545  0.023807157057654127
