0  0.13078819444444448  0.8148148148148149  0.26157638888888896  0.23765740740740748
0  0.2662013888888889  0.7654351851851852  0.12036805555555549  0.1450648148148148
0  0.4751180555555554  0.8418240740740741  0.2743055555555555  0.29166666666666685
0  0.6689791666666666  0.7662037037037037  0.125  0.1342592592592593
0  0.8923611111111112  0.8333333333333334  0.21527777777777757  0.33333333333333326
1  0.32365277777777773  0.6724907407407407  0.01806249999999998  0.02301851851851855
1  0.4324375000000001  0.5839166666666666  0.023680555555555483  0.023546296296296343
1  0.5024791666666667  0.5831111111111111  0.0240833333333334  0.024083333333333345
1  0.580152777777778  0.5807037037037037  0.02288194444444447  0.022481481481481436
1  0.6359513888888888  0.6724907407407406  0.017263888888888634  0.01980555555555552
2  0.5570694444444444  0.5831111111111111  0.020069444444444362  0.04227777777777775
2  0.47859722222222223  0.5828425925925926  0.02127777777777773  0.041749999999999954
7  0.40975694444444444  0.5836481481481481  0.01846527777777779  0.04227777777777775
1  0.39904861111111106  0.6846851851851852  0.01069444444444445  0.015092592592592546
8  0.5657083333333333  0.6771388888888888  0.010694444444444562  0.013416666666666632
